aaaaaaaa1,pppppppp1
aaaaaaaa2,pppppppp2
aaaaaaaa3,pppppppp3
aaaaaaaa4,pppppppp4
aaaaaaaa5,pppppppp5
aaaaaaaa6,pppppppp6
aaaaaaaa7,pppppppp7
aaaaaaaa8,pppppppp8
aaaaaaaa9,pppppppp9
aaaaaaaa10,pppppppp10
aaaaaaaa11,pppppppp11
aaaaaaaa12,pppppppp12
aaaaaaaa13,pppppppp13
aaaaaaaa14,pppppppp14
aaaaaaaa15,pppppppp15
aaaaaaaa16,pppppppp16
aaaaaaaa17,pppppppp17
aaaaaaaa18,pppppppp18
aaaaaaaa19,pppppppp19
aaaaaaaa20,pppppppp20
aaaaaaaa21,pppppppp21
aaaaaaaa22,pppppppp22
aaaaaaaa23,pppppppp23
aaaaaaaa24,pppppppp24
aaaaaaaa25,pppppppp25
aaaaaaaa26,pppppppp26
aaaaaaaa27,pppppppp27
aaaaaaaa28,pppppppp28
aaaaaaaa29,pppppppp29
aaaaaaaa30,pppppppp30
aaaaaaaa31,pppppppp31
aaaaaaaa32,pppppppp32
aaaaaaaa33,pppppppp33
aaaaaaaa34,pppppppp34
aaaaaaaa35,pppppppp35
aaaaaaaa36,pppppppp36
aaaaaaaa37,pppppppp37
aaaaaaaa38,pppppppp38
aaaaaaaa39,pppppppp39
aaaaaaaa40,pppppppp40
aaaaaaaa41,pppppppp41
aaaaaaaa42,pppppppp42
aaaaaaaa43,pppppppp43
aaaaaaaa44,pppppppp44
aaaaaaaa45,pppppppp45
aaaaaaaa46,pppppppp46
aaaaaaaa47,pppppppp47
aaaaaaaa48,pppppppp48
aaaaaaaa49,pppppppp49
aaaaaaaa50,pppppppp50
aaaaaaaa51,pppppppp51
aaaaaaaa52,pppppppp52
aaaaaaaa53,pppppppp53
aaaaaaaa54,pppppppp54
aaaaaaaa55,pppppppp55
aaaaaaaa56,pppppppp56
aaaaaaaa57,pppppppp57
aaaaaaaa58,pppppppp58
aaaaaaaa59,pppppppp59
aaaaaaaa60,pppppppp60
aaaaaaaa61,pppppppp61
aaaaaaaa62,pppppppp62
aaaaaaaa63,pppppppp63
aaaaaaaa64,pppppppp64
aaaaaaaa65,pppppppp65
aaaaaaaa66,pppppppp66
aaaaaaaa67,pppppppp67
aaaaaaaa68,pppppppp68
aaaaaaaa69,pppppppp69
aaaaaaaa70,pppppppp70
aaaaaaaa71,pppppppp71
aaaaaaaa72,pppppppp72
aaaaaaaa73,pppppppp73
aaaaaaaa74,pppppppp74
aaaaaaaa75,pppppppp75
aaaaaaaa76,pppppppp76
aaaaaaaa77,pppppppp77
aaaaaaaa78,pppppppp78
aaaaaaaa79,pppppppp79
aaaaaaaa80,pppppppp80
aaaaaaaa81,pppppppp81
aaaaaaaa82,pppppppp82
aaaaaaaa83,pppppppp83
aaaaaaaa84,pppppppp84
aaaaaaaa85,pppppppp85
aaaaaaaa86,pppppppp86
aaaaaaaa87,pppppppp87
aaaaaaaa88,pppppppp88
aaaaaaaa89,pppppppp89
aaaaaaaa90,pppppppp90
aaaaaaaa91,pppppppp91
aaaaaaaa92,pppppppp92
aaaaaaaa93,pppppppp93
aaaaaaaa94,pppppppp94
aaaaaaaa95,pppppppp95
aaaaaaaa96,pppppppp96
aaaaaaaa97,pppppppp97
aaaaaaaa98,pppppppp98
aaaaaaaa99,pppppppp99
aaaaaaaa100,pppppppp100
aaaaaaaa101,pppppppp101
aaaaaaaa102,pppppppp102
aaaaaaaa103,pppppppp103
aaaaaaaa104,pppppppp104
aaaaaaaa105,pppppppp105
aaaaaaaa106,pppppppp106
aaaaaaaa107,pppppppp107
aaaaaaaa108,pppppppp108
aaaaaaaa109,pppppppp109
aaaaaaaa110,pppppppp110
aaaaaaaa111,pppppppp111
aaaaaaaa112,pppppppp112
aaaaaaaa113,pppppppp113
aaaaaaaa114,pppppppp114
aaaaaaaa115,pppppppp115
aaaaaaaa116,pppppppp116
aaaaaaaa117,pppppppp117
aaaaaaaa118,pppppppp118
aaaaaaaa119,pppppppp119
aaaaaaaa120,pppppppp120
aaaaaaaa121,pppppppp121
aaaaaaaa122,pppppppp122
aaaaaaaa123,pppppppp123
aaaaaaaa124,pppppppp124
aaaaaaaa125,pppppppp125
aaaaaaaa126,pppppppp126
aaaaaaaa127,pppppppp127
aaaaaaaa128,pppppppp128
aaaaaaaa129,pppppppp129
aaaaaaaa130,pppppppp130
aaaaaaaa131,pppppppp131
aaaaaaaa132,pppppppp132
aaaaaaaa133,pppppppp133
aaaaaaaa134,pppppppp134
aaaaaaaa135,pppppppp135
aaaaaaaa136,pppppppp136
aaaaaaaa137,pppppppp137
aaaaaaaa138,pppppppp138
aaaaaaaa139,pppppppp139
aaaaaaaa140,pppppppp140
aaaaaaaa141,pppppppp141
aaaaaaaa142,pppppppp142
aaaaaaaa143,pppppppp143
aaaaaaaa144,pppppppp144
aaaaaaaa145,pppppppp145
aaaaaaaa146,pppppppp146
aaaaaaaa147,pppppppp147
aaaaaaaa148,pppppppp148
aaaaaaaa149,pppppppp149
aaaaaaaa150,pppppppp150
aaaaaaaa151,pppppppp151
aaaaaaaa152,pppppppp152
aaaaaaaa153,pppppppp153
aaaaaaaa154,pppppppp154
aaaaaaaa155,pppppppp155
aaaaaaaa156,pppppppp156
aaaaaaaa157,pppppppp157
aaaaaaaa158,pppppppp158
aaaaaaaa159,pppppppp159
aaaaaaaa160,pppppppp160
aaaaaaaa161,pppppppp161
aaaaaaaa162,pppppppp162
aaaaaaaa163,pppppppp163
aaaaaaaa164,pppppppp164
aaaaaaaa165,pppppppp165
aaaaaaaa166,pppppppp166
aaaaaaaa167,pppppppp167
aaaaaaaa168,pppppppp168
aaaaaaaa169,pppppppp169
aaaaaaaa170,pppppppp170
aaaaaaaa171,pppppppp171
aaaaaaaa172,pppppppp172
aaaaaaaa173,pppppppp173
aaaaaaaa174,pppppppp174
aaaaaaaa175,pppppppp175
aaaaaaaa176,pppppppp176
aaaaaaaa177,pppppppp177
aaaaaaaa178,pppppppp178
aaaaaaaa179,pppppppp179
aaaaaaaa180,pppppppp180
aaaaaaaa181,pppppppp181
aaaaaaaa182,pppppppp182
aaaaaaaa183,pppppppp183
aaaaaaaa184,pppppppp184
aaaaaaaa185,pppppppp185
aaaaaaaa186,pppppppp186
aaaaaaaa187,pppppppp187
aaaaaaaa188,pppppppp188
aaaaaaaa189,pppppppp189
aaaaaaaa190,pppppppp190
aaaaaaaa191,pppppppp191
aaaaaaaa192,pppppppp192
aaaaaaaa193,pppppppp193
aaaaaaaa194,pppppppp194
aaaaaaaa195,pppppppp195
aaaaaaaa196,pppppppp196
aaaaaaaa197,pppppppp197
aaaaaaaa198,pppppppp198
aaaaaaaa199,pppppppp199
aaaaaaaa200,pppppppp200
aaaaaaaa201,pppppppp201
aaaaaaaa202,pppppppp202
aaaaaaaa203,pppppppp203
aaaaaaaa204,pppppppp204
aaaaaaaa205,pppppppp205
aaaaaaaa206,pppppppp206
aaaaaaaa207,pppppppp207
aaaaaaaa208,pppppppp208
aaaaaaaa209,pppppppp209
aaaaaaaa210,pppppppp210
aaaaaaaa211,pppppppp211
aaaaaaaa212,pppppppp212
aaaaaaaa213,pppppppp213
aaaaaaaa214,pppppppp214
aaaaaaaa215,pppppppp215
aaaaaaaa216,pppppppp216
aaaaaaaa217,pppppppp217
aaaaaaaa218,pppppppp218
aaaaaaaa219,pppppppp219
aaaaaaaa220,pppppppp220
aaaaaaaa221,pppppppp221
aaaaaaaa222,pppppppp222
aaaaaaaa223,pppppppp223
aaaaaaaa224,pppppppp224
aaaaaaaa225,pppppppp225
aaaaaaaa226,pppppppp226
aaaaaaaa227,pppppppp227
aaaaaaaa228,pppppppp228
aaaaaaaa229,pppppppp229
aaaaaaaa230,pppppppp230
aaaaaaaa231,pppppppp231
aaaaaaaa232,pppppppp232
aaaaaaaa233,pppppppp233
aaaaaaaa234,pppppppp234
aaaaaaaa235,pppppppp235
aaaaaaaa236,pppppppp236
aaaaaaaa237,pppppppp237
aaaaaaaa238,pppppppp238
aaaaaaaa239,pppppppp239
aaaaaaaa240,pppppppp240
aaaaaaaa241,pppppppp241
aaaaaaaa242,pppppppp242
aaaaaaaa243,pppppppp243
aaaaaaaa244,pppppppp244
aaaaaaaa245,pppppppp245
aaaaaaaa246,pppppppp246
aaaaaaaa247,pppppppp247
aaaaaaaa248,pppppppp248
aaaaaaaa249,pppppppp249
aaaaaaaa250,pppppppp250
aaaaaaaa251,pppppppp251
aaaaaaaa252,pppppppp252
aaaaaaaa253,pppppppp253
aaaaaaaa254,pppppppp254
aaaaaaaa255,pppppppp255
aaaaaaaa256,pppppppp256
aaaaaaaa257,pppppppp257
aaaaaaaa258,pppppppp258
aaaaaaaa259,pppppppp259
aaaaaaaa260,pppppppp260
aaaaaaaa261,pppppppp261
aaaaaaaa262,pppppppp262
aaaaaaaa263,pppppppp263
aaaaaaaa264,pppppppp264
aaaaaaaa265,pppppppp265
aaaaaaaa266,pppppppp266
aaaaaaaa267,pppppppp267
aaaaaaaa268,pppppppp268
aaaaaaaa269,pppppppp269
aaaaaaaa270,pppppppp270
aaaaaaaa271,pppppppp271
aaaaaaaa272,pppppppp272
aaaaaaaa273,pppppppp273
aaaaaaaa274,pppppppp274
aaaaaaaa275,pppppppp275
aaaaaaaa276,pppppppp276
aaaaaaaa277,pppppppp277
aaaaaaaa278,pppppppp278
aaaaaaaa279,pppppppp279
aaaaaaaa280,pppppppp280
aaaaaaaa281,pppppppp281
aaaaaaaa282,pppppppp282
aaaaaaaa283,pppppppp283
aaaaaaaa284,pppppppp284
aaaaaaaa285,pppppppp285
aaaaaaaa286,pppppppp286
aaaaaaaa287,pppppppp287
aaaaaaaa288,pppppppp288
aaaaaaaa289,pppppppp289
aaaaaaaa290,pppppppp290
aaaaaaaa291,pppppppp291
aaaaaaaa292,pppppppp292
aaaaaaaa293,pppppppp293
aaaaaaaa294,pppppppp294
aaaaaaaa295,pppppppp295
aaaaaaaa296,pppppppp296
aaaaaaaa297,pppppppp297
aaaaaaaa298,pppppppp298
aaaaaaaa299,pppppppp299
aaaaaaaa300,pppppppp300
aaaaaaaa301,pppppppp301
aaaaaaaa302,pppppppp302
aaaaaaaa303,pppppppp303
aaaaaaaa304,pppppppp304
aaaaaaaa305,pppppppp305
aaaaaaaa306,pppppppp306
aaaaaaaa307,pppppppp307
aaaaaaaa308,pppppppp308
aaaaaaaa309,pppppppp309
aaaaaaaa310,pppppppp310
aaaaaaaa311,pppppppp311
aaaaaaaa312,pppppppp312
aaaaaaaa313,pppppppp313
aaaaaaaa314,pppppppp314
aaaaaaaa315,pppppppp315
aaaaaaaa316,pppppppp316
aaaaaaaa317,pppppppp317
aaaaaaaa318,pppppppp318
aaaaaaaa319,pppppppp319
aaaaaaaa320,pppppppp320
aaaaaaaa321,pppppppp321
aaaaaaaa322,pppppppp322
aaaaaaaa323,pppppppp323
aaaaaaaa324,pppppppp324
aaaaaaaa325,pppppppp325
aaaaaaaa326,pppppppp326
aaaaaaaa327,pppppppp327
aaaaaaaa328,pppppppp328
aaaaaaaa329,pppppppp329
aaaaaaaa330,pppppppp330
aaaaaaaa331,pppppppp331
aaaaaaaa332,pppppppp332
aaaaaaaa333,pppppppp333
aaaaaaaa334,pppppppp334
aaaaaaaa335,pppppppp335
aaaaaaaa336,pppppppp336
aaaaaaaa337,pppppppp337
aaaaaaaa338,pppppppp338
aaaaaaaa339,pppppppp339
aaaaaaaa340,pppppppp340
aaaaaaaa341,pppppppp341
aaaaaaaa342,pppppppp342
aaaaaaaa343,pppppppp343
aaaaaaaa344,pppppppp344
aaaaaaaa345,pppppppp345
aaaaaaaa346,pppppppp346
aaaaaaaa347,pppppppp347
aaaaaaaa348,pppppppp348
aaaaaaaa349,pppppppp349
aaaaaaaa350,pppppppp350
aaaaaaaa351,pppppppp351
aaaaaaaa352,pppppppp352
aaaaaaaa353,pppppppp353
aaaaaaaa354,pppppppp354
aaaaaaaa355,pppppppp355
aaaaaaaa356,pppppppp356
aaaaaaaa357,pppppppp357
aaaaaaaa358,pppppppp358
aaaaaaaa359,pppppppp359
aaaaaaaa360,pppppppp360
aaaaaaaa361,pppppppp361
aaaaaaaa362,pppppppp362
aaaaaaaa363,pppppppp363
aaaaaaaa364,pppppppp364
aaaaaaaa365,pppppppp365
aaaaaaaa366,pppppppp366
aaaaaaaa367,pppppppp367
aaaaaaaa368,pppppppp368
aaaaaaaa369,pppppppp369
aaaaaaaa370,pppppppp370
aaaaaaaa371,pppppppp371
aaaaaaaa372,pppppppp372
aaaaaaaa373,pppppppp373
aaaaaaaa374,pppppppp374
aaaaaaaa375,pppppppp375
aaaaaaaa376,pppppppp376
aaaaaaaa377,pppppppp377
aaaaaaaa378,pppppppp378
aaaaaaaa379,pppppppp379
aaaaaaaa380,pppppppp380
aaaaaaaa381,pppppppp381
aaaaaaaa382,pppppppp382
aaaaaaaa383,pppppppp383
aaaaaaaa384,pppppppp384
aaaaaaaa385,pppppppp385
aaaaaaaa386,pppppppp386
aaaaaaaa387,pppppppp387
aaaaaaaa388,pppppppp388
aaaaaaaa389,pppppppp389
aaaaaaaa390,pppppppp390
aaaaaaaa391,pppppppp391
aaaaaaaa392,pppppppp392
aaaaaaaa393,pppppppp393
aaaaaaaa394,pppppppp394
aaaaaaaa395,pppppppp395
aaaaaaaa396,pppppppp396
aaaaaaaa397,pppppppp397
aaaaaaaa398,pppppppp398
aaaaaaaa399,pppppppp399
aaaaaaaa400,pppppppp400
aaaaaaaa401,pppppppp401
aaaaaaaa402,pppppppp402
aaaaaaaa403,pppppppp403
aaaaaaaa404,pppppppp404
aaaaaaaa405,pppppppp405
aaaaaaaa406,pppppppp406
aaaaaaaa407,pppppppp407
aaaaaaaa408,pppppppp408
aaaaaaaa409,pppppppp409
aaaaaaaa410,pppppppp410
aaaaaaaa411,pppppppp411
aaaaaaaa412,pppppppp412
aaaaaaaa413,pppppppp413
aaaaaaaa414,pppppppp414
aaaaaaaa415,pppppppp415
aaaaaaaa416,pppppppp416
aaaaaaaa417,pppppppp417
aaaaaaaa418,pppppppp418
aaaaaaaa419,pppppppp419
aaaaaaaa420,pppppppp420
aaaaaaaa421,pppppppp421
aaaaaaaa422,pppppppp422
aaaaaaaa423,pppppppp423
aaaaaaaa424,pppppppp424
aaaaaaaa425,pppppppp425
aaaaaaaa426,pppppppp426
aaaaaaaa427,pppppppp427
aaaaaaaa428,pppppppp428
aaaaaaaa429,pppppppp429
aaaaaaaa430,pppppppp430
aaaaaaaa431,pppppppp431
aaaaaaaa432,pppppppp432
aaaaaaaa433,pppppppp433
aaaaaaaa434,pppppppp434
aaaaaaaa435,pppppppp435
aaaaaaaa436,pppppppp436
aaaaaaaa437,pppppppp437
aaaaaaaa438,pppppppp438
aaaaaaaa439,pppppppp439
aaaaaaaa440,pppppppp440
aaaaaaaa441,pppppppp441
aaaaaaaa442,pppppppp442
aaaaaaaa443,pppppppp443
aaaaaaaa444,pppppppp444
aaaaaaaa445,pppppppp445
aaaaaaaa446,pppppppp446
aaaaaaaa447,pppppppp447
aaaaaaaa448,pppppppp448
aaaaaaaa449,pppppppp449
aaaaaaaa450,pppppppp450
aaaaaaaa451,pppppppp451
aaaaaaaa452,pppppppp452
aaaaaaaa453,pppppppp453
aaaaaaaa454,pppppppp454
aaaaaaaa455,pppppppp455
aaaaaaaa456,pppppppp456
aaaaaaaa457,pppppppp457
aaaaaaaa458,pppppppp458
aaaaaaaa459,pppppppp459
aaaaaaaa460,pppppppp460
aaaaaaaa461,pppppppp461
aaaaaaaa462,pppppppp462
aaaaaaaa463,pppppppp463
aaaaaaaa464,pppppppp464
aaaaaaaa465,pppppppp465
aaaaaaaa466,pppppppp466
aaaaaaaa467,pppppppp467
aaaaaaaa468,pppppppp468
aaaaaaaa469,pppppppp469
aaaaaaaa470,pppppppp470
aaaaaaaa471,pppppppp471
aaaaaaaa472,pppppppp472
aaaaaaaa473,pppppppp473
aaaaaaaa474,pppppppp474
aaaaaaaa475,pppppppp475
aaaaaaaa476,pppppppp476
aaaaaaaa477,pppppppp477
aaaaaaaa478,pppppppp478
aaaaaaaa479,pppppppp479
aaaaaaaa480,pppppppp480
aaaaaaaa481,pppppppp481
aaaaaaaa482,pppppppp482
aaaaaaaa483,pppppppp483
aaaaaaaa484,pppppppp484
aaaaaaaa485,pppppppp485
aaaaaaaa486,pppppppp486
aaaaaaaa487,pppppppp487
aaaaaaaa488,pppppppp488
aaaaaaaa489,pppppppp489
aaaaaaaa490,pppppppp490
aaaaaaaa491,pppppppp491
aaaaaaaa492,pppppppp492
aaaaaaaa493,pppppppp493
aaaaaaaa494,pppppppp494
aaaaaaaa495,pppppppp495
aaaaaaaa496,pppppppp496
aaaaaaaa497,pppppppp497
aaaaaaaa498,pppppppp498
aaaaaaaa499,pppppppp499
aaaaaaaa500,pppppppp500
